{
  "algorithm": "vf3",
  "timestamp": "2026-01-16 22:54:09 UTC",
  "status": "success",
  "output": "[VF3 baseline]\n126\nRuntime (ms): first=1012.897 all=1004.520\n\n[VF3 Gemini]\n[2, 48, 88]\n[2, 88, 48]\n[2, 143, 191]\n[2, 191, 143]\n[8, 134, 325]\n[8, 325, 134]\n[9, 155, 478]\n[9, 478, 155]\n[12, 270, 325]\n[12, 325, 270]\n[15, 253, 381]\n[15, 381, 253]\n[29, 100, 239]\n[29, 239, 100]\n[37, 54, 482]\n[37, 482, 54]\n[41, 194, 462]\n[41, 462, 194]\n[48, 2, 88]\n[48, 88, 2]\n[54, 37, 482]\n[54, 482, 37]\n[64, 481, 494]\n[64, 494, 481]\n[88, 2, 48]\n[88, 48, 2]\n[93, 298, 490]\n[93, 490, 298]\n[100, 29, 239]\n[100, 239, 29]\n[101, 380, 472]\n[101, 472, 380]\n[103, 350, 498]\n[103, 498, 350]\n[117, 165, 469]\n[117, 469, 165]\n[120, 240, 475]\n[120, 475, 240]\n[134, 8, 325]\n[134, 325, 8]\n[143, 2, 191]\n[143, 191, 2]\n[155, 9, 478]\n[155, 478, 9]\n[165, 117, 469]\n[165, 342, 469]\n[165, 469, 117]\n[165, 469, 342]\n[185, 320, 335]\n[185, 335, 320]\n[190, 220, 249]\n[190, 249, 220]\n[191, 2, 143]\n[191, 143, 2]\n[194, 41, 462]\n[194, 462, 41]\n[200, 235, 252]\n[200, 252, 235]\n[220, 190, 249]\n[220, 249, 190]\n[235, 200, 252]\n[235, 252, 200]\n[239, 29, 100]\n[239, 100, 29]\n[240, 120, 475]\n[240, 475, 120]\n[249, 190, 220]\n[249, 220, 190]\n[252, 200, 235]\n[252, 235, 200]\n[253, 15, 381]\n[253, 381, 15]\n[270, 12, 325]\n[270, 325, 12]\n[288, 320, 423]\n[288, 423, 320]\n[298, 93, 490]\n[298, 490, 93]\n[320, 185, 335]\n[320, 288, 423]\n[320, 335, 185]\n[320, 423, 288]\n[325, 8, 134]\n[325, 12, 270]\n[325, 134, 8]\n[325, 270, 12]\n[335, 185, 320]\n[335, 320, 185]\n[342, 165, 469]\n[342, 469, 165]\n[350, 103, 498]\n[350, 498, 103]\n[356, 370, 385]\n[356, 385, 370]\n[370, 356, 385]\n[370, 385, 356]\n[380, 101, 472]\n[380, 472, 101]\n[381, 15, 253]\n[381, 253, 15]\n[385, 356, 370]\n[385, 370, 356]\n[423, 288, 320]\n[423, 320, 288]\n[462, 41, 194]\n[462, 194, 41]\n[469, 117, 165]\n[469, 165, 117]\n[469, 165, 342]\n[469, 342, 165]\n[472, 101, 380]\n[472, 380, 101]\n[475, 120, 240]\n[475, 240, 120]\n[478, 9, 155]\n[478, 155, 9]\n[481, 64, 494]\n[481, 494, 64]\n[482, 37, 54]\n[482, 54, 37]\n[490, 93, 298]\n[490, 298, 93]\n[494, 64, 481]\n[494, 481, 64]\n[498, 103, 350]\n[498, 350, 103]\n126\n0.685\nRuntime (ms): first=3.489 all=4.174\n\n[VF3 ChatGPT]\n1:2 2:48 3:88\n1:2 2:88 3:48\n1:2 2:143 3:191\n1:2 2:191 3:143\n1:8 2:134 3:325\n1:8 2:325 3:134\n1:9 2:155 3:478\n1:9 2:478 3:155\n1:12 2:270 3:325\n1:12 2:325 3:270\n1:15 2:253 3:381\n1:15 2:381 3:253\n1:29 2:100 3:239\n1:29 2:239 3:100\n1:37 2:54 3:482\n1:37 2:482 3:54\n1:41 2:194 3:462\n1:41 2:462 3:194\n1:48 2:2 3:88\n1:48 2:88 3:2\n1:54 2:37 3:482\n1:54 2:482 3:37\n1:64 2:481 3:494\n1:64 2:494 3:481\n1:88 2:2 3:48\n1:88 2:48 3:2\n1:93 2:298 3:490\n1:93 2:490 3:298\n1:100 2:29 3:239\n1:100 2:239 3:29\n1:101 2:380 3:472\n1:101 2:472 3:380\n1:103 2:350 3:498\n1:103 2:498 3:350\n1:117 2:165 3:469\n1:117 2:469 3:165\n1:120 2:240 3:475\n1:120 2:475 3:240\n1:134 2:8 3:325\n1:134 2:325 3:8\n1:143 2:2 3:191\n1:143 2:191 3:2\n1:155 2:9 3:478\n1:155 2:478 3:9\n1:165 2:117 3:469\n1:165 2:342 3:469\n1:165 2:469 3:117\n1:165 2:469 3:342\n1:185 2:320 3:335\n1:185 2:335 3:320\n1:190 2:220 3:249\n1:190 2:249 3:220\n1:191 2:2 3:143\n1:191 2:143 3:2\n1:194 2:41 3:462\n1:194 2:462 3:41\n1:200 2:235 3:252\n1:200 2:252 3:235\n1:220 2:190 3:249\n1:220 2:249 3:190\n1:235 2:200 3:252\n1:235 2:252 3:200\n1:239 2:29 3:100\n1:239 2:100 3:29\n1:240 2:120 3:475\n1:240 2:475 3:120\n1:249 2:190 3:220\n1:249 2:220 3:190\n1:252 2:200 3:235\n1:252 2:235 3:200\n1:253 2:15 3:381\n1:253 2:381 3:15\n1:270 2:12 3:325\n1:270 2:325 3:12\n1:288 2:320 3:423\n1:288 2:423 3:320\n1:298 2:93 3:490\n1:298 2:490 3:93\n1:320 2:185 3:335\n1:320 2:288 3:423\n1:320 2:335 3:185\n1:320 2:423 3:288\n1:325 2:8 3:134\n1:325 2:12 3:270\n1:325 2:134 3:8\n1:325 2:270 3:12\n1:335 2:185 3:320\n1:335 2:320 3:185\n1:342 2:165 3:469\n1:342 2:469 3:165\n1:350 2:103 3:498\n1:350 2:498 3:103\n1:356 2:370 3:385\n1:356 2:385 3:370\n1:370 2:356 3:385\n1:370 2:385 3:356\n1:380 2:101 3:472\n1:380 2:472 3:101\n1:381 2:15 3:253\n1:381 2:253 3:15\n1:385 2:356 3:370\n1:385 2:370 3:356\n1:423 2:288 3:320\n1:423 2:320 3:288\n1:462 2:41 3:194\n1:462 2:194 3:41\n1:469 2:117 3:165\n1:469 2:165 3:117\n1:469 2:165 3:342\n1:469 2:342 3:165\n1:472 2:101 3:380\n1:472 2:380 3:101\n1:475 2:120 3:240\n1:475 2:240 3:120\n1:478 2:9 3:155\n1:478 2:155 3:9\n1:481 2:64 3:494\n1:481 2:494 3:64\n1:482 2:37 3:54\n1:482 2:54 3:37\n1:490 2:93 3:298\n1:490 2:298 3:93\n1:494 2:64 3:481\n1:494 2:481 3:64\n1:498 2:103 3:350\n1:498 2:350 3:103\n126\n12.191\nRuntime (ms): first=3.883 all=15.399\n",
  "error": "",
  "request_id": "96676f84-7da1-42c1-b7b1-13c117cbfec1",
  "timings_ms": {
    "baseline_first": 1012.897,
    "baseline_all": 1004.52,
    "gemini_first": 3.489,
    "gemini_all": 4.174,
    "chatgpt_first": 3.883,
    "chatgpt_all": 15.399
  }
}
